486 368 5
359 355 8
357 359 9
558 286 14
551 257 16
117 41 22
225 304 24
182 298 25
516 38 28
616 120 30
575 81 33
449 187 36
422 188 37
49 117 39
112 126 42
129 283 50
135 240 51
582 47 54
65 308 58
383 157 64
464 48 66
89 235 70
87 201 71
25 199 72
316 346 77
315 310 79
271 301 80
507 325 82
357 285 86
426 160 94
364 340 97
394 314 99
163 173 105
123 179 106
146 134 107
54 285 109
52 272 110
35 267 112
198 160 121
224 146 122
194 144 123
231 219 124
180 234 125
223 189 126
281 49 129
216 270 132
185 292 133
171 267 135
424 272 137
444 240 138
400 260 139
245 273 141
528 272 144
510 266 146
473 247 147
130 208 150
334 432 153
420 364 154
223 413 163
515 129 172
234 117 173
