535 351 17
402 344 105
405 353 151
592 262 45
578 234 15
81 33 10
264 300 14
205 295 109
532 22 61
602 96 168
507 55 60
455 167 92
430 170 93
53 98 42
112 116 36
156 276 0
147 237 139
559 25 28
81 312 64
387 139 170
434 28 49
91 233 65
73 185 67
44 207 68
355 341 74
320 297 76
314 298 13
541 305 19
367 283 143
435 149 94
379 329 73
428 300 107
169 165 148
143 175 120
141 125 35
63 283 112
57 261 114
46 270 113
190 150 150
230 132 149
205 124 56
245 211 173
185 235 124
235 189 125
261 28 99
235 263 110
207 288 108
186 262 111
454 254 129
463 221 32
424 244 130
266 266 134
557 249 46
546 250 137
497 223 117
130 192 141
399 427 24
471 347 104
270 414 163
496 108 169
244 103 85
